4294967294,0
4294967279,38
4294967279,37
4294967279,36
4294967278,181
4294967278,180
4294967279,34
4294967278,179
4294967279,180
4294967278,178
4294967279,33
4294967279,31
4294967279,30
4294967279,177
4294967279,479
4294967279,175
4294967279,171
4294967279,167
4294967279,29
4294967279,28
4294967279,26
4294967279,25
4294967279,24
4294967279,23
4294967279,20
4294967279,18
4294967279,17
4294967279,16
4294967279,14
4294967279,13
4294967279,12
4294967279,11
4294967279,10
4294967279,9
4294967294,483
4294967294,93
4294967294,95
4294967279,163
4294967294,50
4294967294,1426
4294967294,27
4294967294,30
4294967294,1237
4294967294,1236
4294967294,1234
4294967294,1233
4294967294,1228
4294967294,1217
4294967294,1062
4294967294,1060
4294967294,1059
4294967294,1058
4294967294,1057
4294967294,60
4294967294,92
4294967294,88
4294967294,22
4294967294,17
4294967294,42
4294967294,99
4294967294,76
4294967294,41
4294967294,438
4294967294,43
4294967294,417
4294967294,51
4294967294,52
4294967294,482
4294967294,25
4294967294,26
4294967279,161
4294967279,160
4294967279,159
4294967294,46
4294967279,155
4294967294,81
4294967294,1166
4294967294,1163
4294967294,82
4294967294,1423
4294967294,83
4294967279,478
4294967279,410
4294967279,0
4294967294,67
4294967294,11
4294967294,18
4294967294,127
4294967294,14
4294967294,126
4294967294,20
4294967294,13
4294967294,12
4294967294,68
4294967279,463
4294967294,6
4294967278,132
4294967278,361
4294967278,131
4294967278,386
4294967278,130
4294967278,129
4294967278,128
4294967278,318
4294967278,127
4294967278,126
4294967278,317
4294967278,125
4294967278,357
4294967278,124
4294967278,123
4294967278,356
4294967278,122
4294967278,121
4294967278,249
4294967278,120
4294967278,119
4294967278,118
4294967278,117
4294967278,116
4294967278,115
4294967278,114
4294967278,113
4294967278,235
4294967278,112
4294967278,111
4294967278,231
4294967278,110
4294967278,229
4294967278,109
4294967278,407
4294967278,108
4294967278,225
4294967278,107
4294967278,106
4294967278,221
4294967278,105
4294967278,104
4294967278,217
4294967278,103
4294967278,102
4294967278,354
4294967278,101
4294967278,314
4294967278,100
4294967278,313
4294967278,99
4294967278,352
4294967278,98
4294967278,410
4294967278,97
4294967278,96
4294967278,311
4294967278,95
4294967278,350
4294967278,94
4294967278,400
4294967278,93
4294967278,348
4294967278,92
4294967278,91
4294967278,90
4294967278,309
4294967278,89
4294967278,87
4294967278,86
4294967278,85
4294967278,84
4294967278,373
4294967278,83
4294967278,305
4294967278,82
4294967278,395
4294967278,81
4294967278,394
4294967278,80
4294967278,344
4294967278,79
4294967278,78
4294967278,343
4294967278,77
4294967278,385
4294967278,76
4294967278,371
4294967278,75
4294967278,399
4294967278,74
4294967278,370
4294967278,73
4294967278,340
4294967278,72
4294967278,71
4294967278,384
4294967278,70
4294967278,369
4294967278,69
4294967278,397
4294967278,68
4294967278,302
4294967278,67
4294967278,66
4294967278,65
4294967278,64
4294967278,63
4294967278,260
4294967279,455
4294967279,82
4294967279,80
4294967279,79
4294967279,78
4294967279,77
4294967279,76
4294967279,74
4294967279,72
4294967279,445
4294967279,70
4294967279,444
4294967279,69
4294967279,308
4294967279,68
4294967279,307
4294967279,304
4294967279,62
4294967279,59
4294967279,443
4294967279,58
4294967279,431
4294967279,442
4294967279,433
4294967279,302
4294967279,429
4294967279,49
4294967279,428
4294967279,46
4294967279,441
4294967279,41
4294967279,35
4294967279,32
4294967279,453
4294967279,292
4294967279,27
4294967279,22
4294967279,21
4294967279,19
4294967279,219
4294967279,459
4294967279,15
4294967279,426
4294967279,285
4294967279,8
4294967279,451
4294967279,7
4294967279,6
4294967279,275
4294967279,5
4294967279,4
127,2
127,4
4294967294,5
0,5
4294967294,7
4294967279,149
4294967279,477
4294967278,413
175,6
175,5
175,4
175,3
175,2
175,1
4294967279,476
4294967279,475
4294967278,274
172,6
172,5
172,4
172,3
172,2
172,1
4294967279,474
4294967294,1087
169,6
169,5
169,4
169,3
169,2
169,1
4294967278,412
166,6
166,5
166,4
166,3
166,2
166,1
4294967279,229
4294967278,411
163,6
163,5
163,4
163,3
163,2
163,1
160,4
160,3
160,2
160,1
159,4
159,3
159,2
159,1
4294967279,473
4294967294,484
158,5
158,4
158,3
158,2
158,1
4294967294,439
4294967294,1241
4294967294,1244
4294967294,1427
156,6
156,5
156,4
156,3
156,2
156,1
155,5
155,4
155,3
155,2
155,1
4294967279,472
154,5
154,4
154,3
154,2
154,1
4294967279,471
153,4
153,3
153,2
